750
1
17
9
19
11
13
14
25
24
33
21
29
35
3
4
28
5
16
34
3
38
48
43
41
42
22
56
39
75
60
50
83
45
81
23
78
87
63
103
62
70
100
109
98
89
73
77
120
107
74
110
111
112
132
106
121
122
141
142
90
135
136
149
148
92
139
145
154
159
174
176
164
166
179
178
184
127
177
186
194
181
167
170
187
197
193
140
125
203
205
211
210
189
192
208
209
217
216
212
229
222
219
213
220
113
225
235
233
247
232
254
245
239
240
241
196
228
251
230
255
265
260
201
268
276
267
282
274
275
272
277
258
278
294
292
293
281
202
287
279
261
283
296
298
299
300
301
302
303
305
308
309
311
316
315
323
314
286
328
320
333
284
334
325
326
348
347
313
352
342
346
312
358
340
349
351
332
354
356
370
317
319
362
357
364
367
381
329
391
393
378
379
380
397
396
389
412
411
360
404
400
369
406
423
421
416
429
435
431
425
440
439
420
433
361
436
374
377
441
442
446
448
450
451
453
456
457
460
462
463
467
468
472
473
477
479
480
483
485
486
488
489
491
493
497
499
507
506
502
519
505
387
508
509
514
515
516
532
530
526
430
531
504
533
536
539
540
520
541
546
549
550
551
554
555
556
557
569
567
576
559
560
561
570
588
591
594
593
602
592
584
575
574
596
597
606
604
538
605
616
611
613
623
565
500
621
626
629
638
610
639
640
641
642
644
654
652
647
650
649
655
671
669
648
656
678
667
672
687
679
682
691
614
627
680
646
645
690
677
658
692
693
694
702
712
706
722
708
688
663
713
725
729
723
724
707
738
730
736
719
732
733
734
727
704
743
746
755
728
741
757
747
756
766
754
772
718
768
761
739
779
776
771
767
775
742
790
778
764
780
784
785
786
787
803
792
745
815
777
812
820
799
823
822
811
748
819
809
826
830
839
791
807
829
804
821
836
827
842
843
844
845
848
849
850
851
852
854
855
859
860
863
864
865
867
869
870
874
875
877
878
880
886
887
896
899
890
893
895
913
831
917
900
905
906
908
922
914
925
935
907
938
931
926
923
948
944
942
939
921
954
955
962
959
966
951
936
888
802
933
963
964
924
969
970
971
972
975
976
978
983
994
0 8
989
992
889
950
998
10 26
36 52
12 27
997
53 67
18 31
37 49
55 72
986
987
64 88
46 47
68 91
40 61
57 80
82 105
58 76
59 71
86 118
93 115
32 44
69 99
79 101
54 65
84 108
85 114
2 20
6 15
95 124
96 129
97 130
102 133
116 138
131 147
66 94
128 134
123 153
126 155
161 182
163 188
152 157
151 169
171 200
143 162
158 165
180 218
168 195
119 150
191 236
172 204
190 231
214 243
206 227
160 183
117 144
104 137
221 244
237 262
207 242
146 156
215 249
250 289
246 252
234 263
257 297
264 304
238 270
175 198
248 285
173 199
253 273
266 307
306 341
271 321
269 318
322 345
280 327
335 368
337 372
338 371
310 344
291 330
288 290
224 259
223 256
363 392
366 401
185 226
373 402
382 408
295 339
375 407
343 376
331 350
359 388
355 386
353 383
30 51
384 409
385 413
390 415
395 410
418 447
427 458
403 414
405 438
428 461
365 394
426 452
455 481
399 424
449 475
432 454
465 490
476 478
484 511
398 422
487 513
495 522
464 494
437 470
466 474
417 443
496 524
501 525
512 544
503 537
324 336
498 518
419 444
510 543
445 471
434 469
517 528
552 583
542 572
529 547
534 563
535 571
459 482
578 590
577 585
586 609
580 595
598 619
599 620
527 562
523 553
548 581
545 566
587 615
589 617
492 521
558 573
600 612
601 625
603 622
607 624
634 662
635 670
618 643
659 686
637 675
633 665
630 653
657 664
636 674
632 661
631 651
684 714
685 716
666 697
668 689
673 701
676 703
709 726
700 744
696 721
695 715
711 737
699 740
731 770
564 582
608 628
750 753
749 763
717 760
773 796
774 797
759 769
752 758
660 681
788 814
762 795
698 735
789 817
805 837
801 825
783 813
810 846
816 847
793 794
824 861
818 856
835 873
806 840
782 808
781 800
568 579
683 705
828 833
834 858
879 903
871 872
853 881
876 891
720 765
838 841
892 911
902 932
798 832
909 930
901 929
916 947
910 943
919 956
710 751
857 862
904 937
934 957
940 973
941 977
918 952
884 915
961 988
928 960
945 949
958 984
946 982
927 953
974 996
968 993
979 990
980 981
967 995
866 885
868 894
898 920
882 897
965 991
883 912
985 999
